id: (0,)
[-0.09144048371748553, 0.10581126725784756, 0.6789418727790985, -0.647170475459607]
[-0.32909599859531924, -0.2810067258862545, -0.0078000951517133545, 0.7041919195248132]
[0.25652856653262, -0.2523811925963566, 0.5540868577501078, 2.5870918000360827]
[0.0, 0.0, 0.0, 1.0]
---------------------------------------
id: (2,)
[-0.4612611099048658, 0.16706692447079302, 0.6504390670298011, 0.5979421956279712]
[0.2332903540469402, -0.6958542141943711, 0.17912100514111484, 0.3595730710965263]
[0.46647978537104545, 0.4064637847595468, 0.3924775620311882, 0.9360049826635585]
[0.0, 0.0, 0.0, 1.0]
---------------------------------------
id: (1,)
[0.054894213398253566, -0.1396967975372224, 0.871498406979315, -0.21194543070987915]
[-0.8459614460344214, -0.12472509441471072, -0.056396701794333454, 2.4250883209837815]
[0.1341842201157443, -0.8235844477946437, -0.09286847620774649, 2.3848187065615747]
[0.0, 0.0, 0.0, 1.0]
---------------------------------------
